CURRENT ARTICLE	ALL ANNOTATIONS CLASS	TOTAL EXACT MATCHES CLASS	TOTAL OVERLAP MATCHES CLASS	TOTAL MAIN CATEGORY MATCHES CLASS	PERCENT EXACT MATCH CLASS	PERCENT MATCHES CLASS	ALL ANNOTATIONS SCOPE	TOTAL EXACT MATCHES SCOPE	TOTAL OVERLAP MATCHES SCOPE	TOTAL MAIN CATEGORY MATCHES SCOPE	PERCENT EXACT MATCH SCOPE	PERCENT MATCHES SCOPE	TOTAL IGNORANCE ANNOTATIONS	TOTAL IGNORANCE EXACT MATCH	TOTAL IGNORANCE OVERLAP MATCHES	TOTAL IGNORANCE MAIN CATEGORY MATCHES	PERCENT IGNORANCE EXACT MATCHES	PERCENT IGNORANCE MATCHES


ANNOTATORS:	EMILY, ELIZABETH, MAYLA, 
PMC1474522	1	1	0	0	1.00	1.00	1	1	0	0	1.00	1.00	1	1	0	0	1.00	1.00
PMC3205727	392	77	3	3	0.20	0.21	149	12	34	0	0.08	0.31	402	78	3	4	0.19	0.21
PMC1247630	46	14	0	1	0.30	0.33	19	0	0	0	0.00	0.00	47	16	0	1	0.34	0.36
PMC2009866	21	6	0	0	0.29	0.29	7	0	0	0	0.00	0.00	21	7	0	0	0.33	0.33
PMC2516588	59	15	0	0	0.25	0.25	24	0	0	0	0.00	0.00	61	15	0	0	0.25	0.25
PMC3800883	47	2	0	0	0.04	0.04	8	0	0	0	0.00	0.00	47	2	0	0	0.04	0.04
PMC5501061	24	0	0	0	0.00	0.00	5	0	0	0	0.00	0.00	0	0	0	0	0.00	0.00
PMC4122855	55	13	1	1	0.24	0.27	27	0	0	0	0.00	0.00	56	14	1	1	0.25	0.29
PMC4428817	29	7	0	0	0.24	0.24	14	0	0	0	0.00	0.00	29	8	0	0	0.28	0.28
PMC4500436	49	7	0	0	0.14	0.14	15	0	0	0	0.00	0.00	51	7	0	0	0.14	0.14
PMC4653409	51	12	1	0	0.24	0.25	15	0	0	0	0.00	0.00	54	11	1	0	0.20	0.22
PMC4653418	25	5	0	0	0.20	0.20	11	0	0	0	0.00	0.00	25	4	1	0	0.16	0.20
PMC4683322	29	6	0	0	0.21	0.21	13	0	0	0	0.00	0.00	31	5	1	0	0.16	0.19
PMC4304064	32	9	0	0	0.28	0.28	15	0	0	0	0.00	0.00	32	10	0	0	0.31	0.31
PMC3513049	51	27	0	0	0.53	0.53	24	0	0	0	0.00	0.00	53	27	0	0	0.51	0.51
PMC3373750	31	11	0	0	0.35	0.35	15	0	0	0	0.00	0.00	31	14	0	0	0.45	0.45
PMC3313761	43	15	1	0	0.35	0.37	25	0	0	0	0.00	0.00	43	15	1	0	0.35	0.37
PMC2874300	57	20	0	0	0.35	0.35	20	0	0	0	0.00	0.00	61	20	0	0	0.33	0.33
PMC1533075	21	8	0	0	0.38	0.38	8	0	0	0	0.00	0.00	21	8	0	0	0.38	0.38
PMC6054603	323	82	1	1	0.25	0.26	96	0	0	0	0.00	0.00	331	82	1	1	0.25	0.25
PMC6033232	448	158	4	3	0.35	0.37	177	0	0	0	0.00	0.00	448	159	5	3	0.35	0.37
TOTAL	1834	495	11	9	0.27	0.28	688	13	34	0	0.02	0.07	1845	503	14	10	0.27	0.29




ANNOTATORS:	EMILY, ELIZABETH, 
PMC1474522	1	1	0	0	1.00	1.00	1	1	0	0	1.00	1.00	1	1	0	0	1.00	1.00
PMC3205727	337	72	3	2	0.21	0.23	125	16	29	0	0.13	0.36	336	72	3	3	0.21	0.23
PMC1247630	37	20	1	0	0.54	0.57	8	0	0	0	0.00	0.00	37	20	1	0	0.54	0.57
PMC2009866	17	7	0	0	0.41	0.41	3	0	0	0	0.00	0.00	17	7	0	0	0.41	0.41
PMC2516588	46	26	0	0	0.57	0.57	13	0	0	0	0.00	0.00	46	26	0	0	0.57	0.57
PMC3800883	39	2	0	0	0.05	0.05	1	0	0	0	0.00	0.00	39	2	0	0	0.05	0.05
PMC5501061	16	0	0	0	0.00	0.00	0	0	0	0	0.00	0.00	0	0	0	0	0.00	0.00
PMC4122855	45	15	1	0	0.33	0.36	16	0	0	0	0.00	0.00	45	15	1	0	0.33	0.36
PMC4428817	19	8	0	0	0.42	0.42	6	0	0	0	0.00	0.00	19	8	0	0	0.42	0.42
PMC4500436	44	5	0	0	0.11	0.11	6	0	0	0	0.00	0.00	44	5	0	0	0.11	0.11
PMC4653409	47	12	0	0	0.26	0.26	7	0	0	0	0.00	0.00	47	12	0	0	0.26	0.26
PMC4653418	23	4	0	0	0.17	0.17	5	0	0	0	0.00	0.00	23	4	0	0	0.17	0.17
PMC4683322	22	5	0	0	0.23	0.23	7	0	0	0	0.00	0.00	22	5	0	0	0.23	0.23
PMC4304064	24	10	0	0	0.42	0.42	5	0	0	0	0.00	0.00	24	10	0	0	0.42	0.42
PMC3513049	44	30	0	0	0.68	0.68	12	0	0	0	0.00	0.00	44	30	0	0	0.68	0.68
PMC3373750	24	14	0	0	0.58	0.58	6	0	0	0	0.00	0.00	24	14	0	0	0.58	0.58
PMC3313761	38	15	0	0	0.39	0.39	12	0	0	0	0.00	0.00	38	15	0	0	0.39	0.39
PMC2874300	44	26	1	0	0.59	0.61	10	0	0	0	0.00	0.00	44	26	1	0	0.59	0.61
PMC1533075	20	9	0	0	0.45	0.45	5	0	0	0	0.00	0.00	20	9	0	0	0.45	0.45
PMC6054603	267	105	4	0	0.39	0.41	48	0	0	0	0.00	0.00	267	105	4	0	0.39	0.41
PMC6033232	383	186	7	0	0.49	0.50	91	0	0	0	0.00	0.00	383	186	7	0	0.49	0.50
TOTAL	1537	572	17	2	0.37	0.38	387	17	29	0	0.04	0.12	1520	572	17	3	0.38	0.39




ANNOTATORS:	EMILY, MAYLA, 
PMC1474522	1	1	0	0	1.00	1.00	1	1	0	0	1.00	1.00	1	1	0	0	1.00	1.00
PMC3205727	138	69	0	3	0.50	0.52	70	24	22	0	0.34	0.66	138	69	0	3	0.50	0.52
PMC1247630	38	16	0	1	0.42	0.45	11	0	0	0	0.00	0.00	38	16	0	1	0.42	0.45
PMC2009866	17	9	0	0	0.53	0.53	4	0	0	0	0.00	0.00	17	9	0	0	0.53	0.53
PMC2516588	48	15	0	0	0.31	0.31	11	0	0	0	0.00	0.00	48	15	0	0	0.31	0.31
PMC3800883	40	9	0	0	0.23	0.23	7	0	0	0	0.00	0.00	40	9	0	0	0.23	0.23
PMC5501061	16	8	0	0	0.50	0.50	5	0	0	0	0.00	0.00	16	8	0	0	0.50	0.50
PMC4122855	39	15	0	0	0.38	0.38	11	0	0	0	0.00	0.00	39	15	0	0	0.38	0.38
PMC4428817	20	13	0	0	0.65	0.65	8	0	0	0	0.00	0.00	20	13	0	0	0.65	0.65
PMC4500436	44	8	0	0	0.18	0.18	9	0	0	0	0.00	0.00	44	8	0	0	0.18	0.18
PMC4653409	46	15	1	0	0.33	0.35	8	0	0	0	0.00	0.00	46	15	1	0	0.33	0.35
PMC4653418	24	5	0	0	0.21	0.21	6	0	0	0	0.00	0.00	24	5	0	0	0.21	0.21
PMC4683322	20	10	0	0	0.50	0.50	6	0	0	0	0.00	0.00	20	10	0	0	0.50	0.50
PMC4304064	24	16	0	0	0.67	0.67	10	0	0	0	0.00	0.00	24	16	0	0	0.67	0.67
PMC3513049	46	27	0	0	0.59	0.59	12	0	0	0	0.00	0.00	46	27	0	0	0.59	0.59
PMC3373750	26	13	0	0	0.50	0.50	9	0	0	0	0.00	0.00	26	13	0	0	0.50	0.50
PMC3313761	37	17	0	0	0.46	0.46	13	0	0	0	0.00	0.00	37	17	0	0	0.46	0.46
PMC2874300	47	20	0	0	0.43	0.43	10	0	0	0	0.00	0.00	47	20	0	0	0.43	0.43
PMC1533075	18	8	0	0	0.44	0.44	3	0	0	0	0.00	0.00	18	8	0	0	0.44	0.44
PMC6054603	279	83	0	0	0.30	0.30	48	0	0	0	0.00	0.00	279	83	0	0	0.30	0.30
PMC6033232	389	158	2	0	0.41	0.41	86	0	0	0	0.00	0.00	389	158	2	0	0.41	0.41
TOTAL	1357	535	3	4	0.39	0.40	348	25	22	0	0.07	0.14	1357	535	3	4	0.39	0.40




ANNOTATORS:	EMILY, PREPROCESS, 
PMC1474522	2	1	0	0	0.50	0.50
PMC3205727	446	74	5	3	0.17	0.18
PMC1247630	43	34	0	0	0.79	0.79
PMC2009866	18	15	1	0	0.83	0.89
PMC2516588	53	42	0	1	0.79	0.81
PMC3800883	43	37	1	0	0.86	0.88
PMC5501061	18	12	0	0	0.67	0.67
PMC4122855	44	35	1	0	0.80	0.82
PMC4428817	22	18	0	0	0.82	0.82
PMC4500436	57	38	0	2	0.67	0.70
PMC4653409	53	45	0	0	0.85	0.85
PMC4653418	24	22	0	0	0.92	0.92
PMC4683322	22	16	0	0	0.73	0.73
PMC4304064	25	22	0	1	0.88	0.92
PMC3513049	48	41	0	2	0.85	0.90
PMC3373750	26	21	1	1	0.81	0.88
PMC3313761	42	35	0	1	0.83	0.86
PMC2874300	49	40	1	0	0.82	0.84
PMC1533075	20	18	0	0	0.90	0.90
PMC6054603	308	239	5	9	0.78	0.82
PMC6033232	391	354	8	1	0.91	0.93
TOTAL	1754	1159	23	21.00	0.66	0.685860889395667	NA	NA	NA	NA	NA	1731	1158	39	22	0.67	0.70





ANNOTATORS:	ELIZABETH, MAYLA, 
PMC1474522	1	1	0	0	1.00	1.00	1	1	0	0	1.00	1.00	1	1	0	0	1.00	1.00
PMC3205727	330	94	5	1	0.28	0.30	122	17	38	0	0.14	0.45	330	94	5	1	0.28	0.30
PMC1247630	24	14	0	1	0.58	0.62	10	4	3	0	0.40	0.70	24	14	0	1	0.58	0.62
PMC2009866	10	6	0	0	0.60	0.60	4	3	0	0	0.75	0.75	10	6	0	0	0.60	0.60
PMC2516588	28	15	0	0	0.54	0.54	13	0	9	0	0.00	0.69	28	15	0	0	0.54	0.54
PMC3800883	10	2	0	0	0.20	0.20	7	0	1	0	0.00	0.14	10	2	0	0	0.20	0.20
PMC5501061	8	0	0	0	0.00	0.00	5	0	0	0	0.00	0.00	0	0	0	0	0.00	0.00
PMC4122855	29	10	1	1	0.34	0.41	17	6	3	0	0.35	0.53	29	10	1	1	0.34	0.41
PMC4428817	17	7	0	0	0.41	0.41	8	5	1	0	0.62	0.75	17	7	0	0	0.41	0.41
PMC4500436	14	7	0	0	0.50	0.50	9	2	4	0	0.22	0.67	14	7	0	0	0.50	0.50
PMC4653409	19	11	1	0	0.58	0.63	8	5	2	0	0.62	0.88	19	11	1	0	0.58	0.63
PMC4653418	7	4	1	0	0.57	0.71	5	2	3	0	0.40	1.00	7	4	1	0	0.57	0.71
PMC4683322	14	4	1	0	0.29	0.36	7	4	2	0	0.57	0.86	14	4	1	0	0.29	0.36
PMC4304064	17	9	0	0	0.53	0.53	10	3	2	0	0.30	0.50	17	9	0	0	0.53	0.53
PMC3513049	33	26	0	0	0.79	0.79	13	9	2	0	0.69	0.85	33	26	0	0	0.79	0.79
PMC3373750	18	11	0	0	0.61	0.61	9	3	3	0	0.33	0.67	18	11	0	0	0.61	0.61
PMC3313761	20	14	1	0	0.70	0.75	14	11	0	0	0.79	0.79	20	14	1	0	0.70	0.75
PMC2874300	33	19	0	0	0.58	0.58	10	7	2	0	0.70	0.90	33	19	0	0	0.58	0.58
PMC1533075	11	8	0	0	0.73	0.73	5	1	2	0	0.20	0.60	11	8	0	0	0.73	0.73
PMC6054603	133	79	1	1	0.59	0.61	53	22	20	0	0.42	0.79	133	79	1	1	0.59	0.61
PMC6033232	222	155	5	3	0.70	0.73	92	48	35	0	0.52	0.90	222	155	5	3	0.70	0.73
TOTAL	998	496	16	7	0.50	0.52	422	153	132	0	0.36	0.68	990	496	16	7	0.50	0.52




ANNOTATORS:	ELIZABETH, PREPROCESS, 
PMC1474522	2	1	0	0	0.50	0.50
PMC3205727	573	142	3	32	0.25	0.31
PMC1247630	43	17	1	0	0.40	0.42
PMC2009866	18	5	1	0	0.28	0.33
PMC2516588	51	24	0	1	0.47	0.49
PMC3800883	42	2	0	0	0.05	0.05
PMC5501061	14	0	0	0	0.00	0.00
PMC4122855	47	15	1	4	0.32	0.43
PMC4428817	23	8	0	0	0.35	0.35
PMC4500436	59	4	0	3	0.07	0.12
PMC4653409	55	12	0	0	0.22	0.22
PMC4653418	25	4	0	0	0.16	0.16
PMC4683322	22	4	0	1	0.18	0.23
PMC4304064	24	9	0	1	0.38	0.42
PMC3513049	47	28	0	2	0.60	0.64
PMC3373750	26	11	1	1	0.42	0.50
PMC3313761	42	14	0	3	0.33	0.40
PMC2874300	49	25	1	0	0.51	0.53
PMC1533075	22	9	0	0	0.41	0.41
PMC6054603	312	89	5	7	0.29	0.32
PMC6033232	397	178	8	7	0.45	0.49
TOTAL	1893	601	21	62.00	0.32	0.3613312202852615	NA	NA	NA	NA	NA	1867	600	29	62	0.32	0.37





ANNOTATORS:	MAYLA, PREPROCESS, 
PMC1474522	2	1	0	0	0.50	0.50
PMC3205727	442	90	8	4	0.20	0.23
PMC1247630	42	14	0	2	0.33	0.38
PMC2009866	17	8	1	0	0.47	0.53
PMC2516588	51	15	0	1	0.29	0.31
PMC3800883	44	8	0	0	0.18	0.18
PMC5501061	17	5	0	0	0.29	0.29
PMC4122855	43	16	0	1	0.37	0.40
PMC4428817	22	13	0	2	0.59	0.68
PMC4500436	58	7	0	4	0.12	0.19
PMC4653409	53	16	1	0	0.30	0.32
PMC4653418	24	5	0	2	0.21	0.29
PMC4683322	22	8	0	0	0.36	0.36
PMC4304064	25	14	0	1	0.56	0.60
PMC3513049	48	24	0	4	0.50	0.58
PMC3373750	25	12	0	3	0.48	0.60
PMC3313761	43	16	0	1	0.37	0.40
PMC2874300	49	20	0	2	0.41	0.45
PMC1533075	20	8	0	0	0.40	0.40
PMC6054603	307	76	1	15	0.25	0.30
PMC6033232	395	151	3	14	0.38	0.43
TOTAL	1749	527	14	56.00	0.30	0.34133790737564323	NA	NA	NA	NA	NA	1742	527	21	56	0.30	0.35



