CURRENT ARTICLE	ALL ANNOTATIONS CLASS	TOTAL EXACT MATCHES CLASS	TOTAL OVERLAP MATCHES CLASS	PERCENT EXACT MATCH CLASS	PERCENT MATCHES CLASS	ALL ANNOTATIONS SCOPE	TOTAL EXACT MATCHES SCOPE	TOTAL OVERLAP MATCHES SCOPE	PERCENT EXACT MATCH SCOPE	PERCENT MATCHES SCOPE	TOTAL ANNOTATION SPANS	TOTAL MATCHES ON SPANS	TOTAL OVERLAPS ON SPAN	TOTAL NO OVERLAPS ON SPAN	PERCENT EXACT MATCHES ON SPAN	PERCENT MATCHES ON SPANS


ANNOTATORS:	EMILY, ELIZABETH, MAYLA, 
PMC4304064	23	9	0	0.39	0.39	0	0	0	0.00	0.00	36	9	13	14	0.39	0.96
PMC3513049	40	26	0	0.65	0.65	0	0	0	0.00	0.00	61	26	23	12	0.65	1.23
PMC3373750	18	11	0	0.61	0.61	0	0	0	0.00	0.00	38	11	13	14	0.61	1.33
PMC3313761	30	13	0	0.43	0.43	0	0	0	0.00	0.00	53	13	10	30	0.43	0.77
PMC2874300	43	19	0	0.44	0.44	0	0	0	0.00	0.00	60	21	26	13	0.49	1.09
PMC1533075	14	5	0	0.36	0.36	0	0	0	0.00	0.00	26	5	11	10	0.36	1.14
PMC6054603	286	79	0	0.28	0.28	0	0	0	0.00	0.00	354	80	138	136	0.28	0.76
PMC6033232	392	140	3	0.36	0.36	0	0	0	0.00	0.00	524	141	194	189	0.36	0.85
TOTAL	846	302	3	0.36	0.36	0	0	0	0	0.00	1152.00	306	428	418	0.36	0.87




ANNOTATORS:	EMILY, ELIZABETH, 
PMC4304064	18	10	0	0.56	0.56	0	0	0	0.00	0.00	29	10	4	15	0.56	0.78
PMC3513049	39	30	0	0.77	0.77	0	0	0	0.00	0.00	56	30	18	8	0.77	1.23
PMC3373750	17	14	0	0.82	0.82	0	0	0	0.00	0.00	30	14	4	12	0.82	1.06
PMC3313761	25	14	0	0.56	0.56	0	0	0	0.00	0.00	49	14	8	27	0.56	0.88
PMC2874300	44	26	1	0.59	0.61	0	0	0	0.00	0.00	55	26	23	6	0.59	1.11
PMC1533075	12	5	0	0.42	0.42	0	0	0	0.00	0.00	24	5	7	12	0.42	1.00
PMC6054603	262	105	2	0.40	0.41	0	0	0	0.00	0.00	319	105	98	116	0.40	0.77
PMC6033232	322	171	7	0.53	0.55	0	0	0	0.00	0.00	470	171	120	179	0.53	0.90
TOTAL	739	375	10	0.51	0.52	0	0	0	0	0.00	1032.00	375	282	375	0.51	0.89




ANNOTATORS:	EMILY, MAYLA, 
PMC4304064	19	16	0	0.84	0.84	0	0	0	0.00	0.00	34	16	9	9	0.84	1.32
PMC3513049	37	27	0	0.73	0.73	0	0	0	0.00	0.00	58	27	21	10	0.73	1.30
PMC3373750	24	13	0	0.54	0.54	0	0	0	0.00	0.00	35	13	8	14	0.54	0.88
PMC3313761	26	17	0	0.65	0.65	0	0	0	0.00	0.00	50	17	5	28	0.65	0.85
PMC2874300	35	20	0	0.57	0.57	0	0	0	0.00	0.00	55	22	25	8	0.63	1.34
PMC1533075	12	8	0	0.67	0.67	0	0	0	0.00	0.00	21	8	5	8	0.67	1.08
PMC6054603	253	83	0	0.33	0.33	0	0	0	0.00	0.00	323	87	94	142	0.34	0.72
PMC6033232	390	158	1	0.41	0.41	0	0	0	0.00	0.00	476	159	126	191	0.41	0.73
TOTAL	796	342	1	0.43	0.43	0	0	0	0	0.00	1052.00	349	293	410	0.44	0.81




ANNOTATORS:	EMILY, PREPROCESS, 
PMC4304064	24	24	0	1.00	1.00
24	24	0	0	1.00	1.00
PMC3513049	44	44	0	1.00	1.00
44	44	0	0	1.00	1.00
PMC3373750	24	24	0	1.00	1.00
24	24	0	0	1.00	1.00
PMC3313761	36	36	0	1.00	1.00
36	36	0	0	1.00	1.00
PMC2874300	43	43	0	1.00	1.00
43	43	0	0	1.00	1.00
PMC1533075	18	18	0	1.00	1.00
18	18	0	0	1.00	1.00
PMC6054603	262	262	0	1.00	1.00
262	262	0	0	1.00	1.00
PMC6033232	370	370	0	1.00	1.00
370	370	0	0	1.00	1.00
TOTAL	821	821	0	1.00	1.00	NA	NA	NA	NA	NA	821	370	0	0	0.45	0.45





ANNOTATORS:	ELIZABETH, MAYLA, 
PMC4304064	15	9	0	0.60	0.60	10	3	2	0.30	0.50	29	12	5	12	0.48	0.68
PMC3513049	30	26	0	0.87	0.87	13	9	2	0.69	0.85	48	35	5	8	0.81	0.93
PMC3373750	13	11	0	0.85	0.85	9	3	3	0.33	0.67	30	14	9	7	0.64	1.05
PMC3313761	19	13	1	0.68	0.74	14	10	0	0.71	0.71	35	23	2	10	0.70	0.76
PMC2874300	30	19	0	0.63	0.63	11	7	3	0.64	0.91	44	28	5	11	0.68	0.80
PMC1533075	9	5	0	0.56	0.56	5	1	1	0.20	0.40	16	6	2	8	0.43	0.57
PMC6054603	133	79	0	0.59	0.59	54	22	20	0.41	0.78	204	106	61	37	0.57	0.89
PMC6033232	219	143	4	0.65	0.67	92	45	32	0.49	0.84	343	193	86	64	0.62	0.90
TOTAL	468	305	5	0.65	0.66	208	100	63	0.48	0.78	749	417	175	157	0.62	0.88




ANNOTATORS:	ELIZABETH, PREPROCESS, 
PMC4304064	18	10	0	0.56	0.56
29	10	4	15	0.56	0.78
PMC3513049	39	30	0	0.77	0.77
56	30	18	8	0.77	1.23
PMC3373750	17	14	0	0.82	0.82
30	14	4	12	0.82	1.06
PMC3313761	25	14	0	0.56	0.56
49	14	8	27	0.56	0.88
PMC2874300	44	26	1	0.59	0.61
55	26	23	6	0.59	1.11
PMC1533075	12	5	0	0.42	0.42
24	5	7	12	0.42	1.00
PMC6054603	262	105	2	0.40	0.41
319	105	98	116	0.40	0.77
PMC6033232	322	171	7	0.53	0.55
470	171	120	179	0.53	0.90
TOTAL	739	375	10	0.51	0.52	NA	NA	NA	NA	NA	1032	171	120	375	0.23	0.39





ANNOTATORS:	MAYLA, PREPROCESS, 
PMC4304064	19	16	0	0.84	0.84
34	16	9	9	0.84	1.32
PMC3513049	37	27	0	0.73	0.73
58	27	21	10	0.73	1.30
PMC3373750	24	13	0	0.54	0.54
35	13	8	14	0.54	0.88
PMC3313761	26	17	0	0.65	0.65
50	17	5	28	0.65	0.85
PMC2874300	35	20	0	0.57	0.57
55	22	25	8	0.63	1.34
PMC1533075	12	8	0	0.67	0.67
21	8	5	8	0.67	1.08
PMC6054603	253	83	0	0.33	0.33
323	87	94	142	0.34	0.72
PMC6033232	390	158	1	0.41	0.41
476	159	126	191	0.41	0.73
TOTAL	796	342	1	0.43	0.43	NA	NA	NA	NA	NA	1052	159	126	410	0.20	0.36



